0.000000000000000000e+00 9.074441231900773341e-02 8.338127422754275653e-01 5.656464180294569211e-01 2.747952470375510381e-01 7.434906195319783417e-02 6.130728496808376393e-01 8.960942124834533340e-01 5.056829215632299146e-01 6.937693883449976839e-01
9.074441231900773341e-02 0.000000000000000000e+00 9.245067231509112027e-01 6.200031147457634173e-01 2.620101187337331439e-01 6.331376971679680832e-02 7.026290717862240243e-01 9.861031470042591618e-01 5.868782182440281936e-01 7.843023632708473469e-01
8.338127422754275653e-01 9.245067231509112027e-01 0.000000000000000000e+00 6.865062897269846864e-01 9.616273796594334566e-01 8.906998472078652140e-01 2.418794976020045839e-01 1.584801448852797279e-01 4.755844101339556929e-01 1.622248502070086085e-01
5.656464180294569211e-01 6.200031147457634173e-01 6.865062897269846864e-01 0.000000000000000000e+00 8.336187984468923506e-01 6.382860334726729867e-01 4.706733651205067259e-01 8.281610145623671260e-01 7.287620748818952610e-01 6.482851251197833120e-01
2.747952470375510381e-01 2.620101187337331439e-01 9.616273796594334566e-01 8.336187984468923506e-01 0.000000000000000000e+00 2.125742176072131229e-01 7.792859958161402201e-01 9.816792767605676540e-01 5.269466336734592860e-01 8.034862273561745871e-01
7.434906195319783417e-02 6.331376971679680832e-02 8.906998472078652140e-01 6.382860334726729867e-01 2.125742176072131229e-01 0.000000000000000000e+00 6.761432252706176538e-01 9.442975599964110733e-01 5.328477215095349662e-01 7.456851241066889679e-01
6.130728496808376393e-01 7.026290717862240243e-01 2.418794976020045839e-01 4.706733651205067259e-01 7.792859958161402201e-01 6.761432252706176538e-01 0.000000000000000000e+00 3.626921147154730241e-01 3.840610449867646881e-01 1.793043513591136839e-01
8.960942124834533340e-01 9.861031470042591618e-01 1.584801448852797279e-01 8.281610145623671260e-01 9.816792767605676540e-01 9.442975599964110733e-01 3.626921147154730241e-01 0.000000000000000000e+00 4.615477892455518982e-01 2.079760068821399632e-01
5.056829215632299146e-01 5.868782182440281936e-01 4.755844101339556929e-01 7.287620748818952610e-01 5.269466336734592860e-01 5.328477215095349662e-01 3.840610449867646881e-01 4.615477892455518982e-01 0.000000000000000000e+00 3.145135573808126028e-01
6.937693883449976839e-01 7.843023632708473469e-01 1.622248502070086085e-01 6.482851251197833120e-01 8.034862273561745871e-01 7.456851241066889679e-01 1.793043513591136839e-01 2.079760068821399632e-01 3.145135573808126028e-01 0.000000000000000000e+00
