0.000000000000000000e+00 6.357799580098716374e-01 4.551544067026159213e-01 7.986198063771895450e-01 8.309781201758617009e-01 8.271335719268058106e-01 2.963460116330245420e-01 8.257686809410331730e-01 4.283092262654429883e-01 9.605026108707151455e-02 8.812592014992383094e-01 3.730433049983153948e-01 4.381259313624528695e-01 5.770027988351063009e-01 4.305423982771123259e-01
6.357799580098716374e-01 0.000000000000000000e+00 3.810725336917731854e-01 1.637136852399599385e-01 5.063360433816821438e-01 4.140018446199733582e-01 4.540805205858940985e-01 5.158348656594229364e-01 4.883323218733712223e-01 6.702049409071662023e-01 4.365894801177631068e-01 3.791256380691558348e-01 7.142841367861185731e-01 4.195897405018513271e-01 2.063890344978274449e-01
4.551544067026159213e-01 3.810725336917731854e-01 0.000000000000000000e+00 4.993474315020762222e-01 3.760256402072558179e-01 3.794894955102535716e-01 1.611989560776222463e-01 3.714344654963582237e-01 1.092489738473340910e-01 4.329488197836766084e-01 4.361665256714555294e-01 4.735975080868985998e-01 3.406067631432663223e-01 6.458538820614805331e-01 2.597321474923211526e-01
7.986198063771895450e-01 1.637136852399599385e-01 4.993474315020762222e-01 0.000000000000000000e+00 5.063320050420856422e-01 3.938282605859253493e-01 5.994524977882285111e-01 5.199952956489334310e-01 6.085113694790343919e-01 8.297072013558287606e-01 3.940765241501625327e-01 5.316998603736117213e-01 8.398815278547056007e-01 5.293363128755150804e-01 3.682271591091940133e-01
8.309781201758617009e-01 5.063360433816821438e-01 3.760256402072558179e-01 5.063320050420856422e-01 0.000000000000000000e+00 1.181443891255683637e-01 5.353355625474883750e-01 1.753136524108055497e-02 4.235091056694271217e-01 8.024309206226754032e-01 1.515333234360927706e-01 7.864646461533154609e-01 5.961860544980649435e-01 9.042519501126576875e-01 5.390116009966429145e-01
8.271335719268058106e-01 4.140018446199733582e-01 3.794894955102535716e-01 3.938282605859253493e-01 1.181443891255683637e-01 0.000000000000000000e+00 5.397207606287828252e-01 1.343703498521231776e-01 4.530092523857737752e-01 8.120896963178648731e-01 5.808499097559744612e-02 7.299523635515824393e-01 6.541177074466689723e-01 8.257599322707603884e-01 4.843366898252213781e-01
2.963460116330245420e-01 4.540805205858940985e-01 1.611989560776222463e-01 5.994524977882285111e-01 5.353355625474883750e-01 5.397207606287828252e-01 0.000000000000000000e+00 5.297070402873642614e-01 1.444513064090314491e-01 2.724163879915456610e-01 5.958210683854580081e-01 4.040809207504863498e-01 2.867151501941384018e-01 6.049270539927208423e-01 2.699355585216381415e-01
8.257686809410331730e-01 5.158348656594229364e-01 3.714344654963582237e-01 5.199952956489334310e-01 1.753136524108055497e-02 1.343703498521231776e-01 5.297070402873642614e-01 0.000000000000000000e+00 4.148493672273391164e-01 7.953762424540814502e-01 1.690378843349367999e-01 7.892828880008089243e-01 5.832062055756306318e-01 9.105931793370233285e-01 5.421759325031096921e-01
4.283092262654429883e-01 4.883323218733712223e-01 1.092489738473340910e-01 6.085113694790343919e-01 4.235091056694271217e-01 4.530092523857737752e-01 1.444513064090314491e-01 4.148493672273391164e-01 0.000000000000000000e+00 3.843587571265842384e-01 5.110497322721131441e-01 5.311186501048376085e-01 2.317552969326412693e-01 7.200104363240681371e-01 3.475256685438392612e-01
9.605026108707151455e-02 6.702049409071662023e-01 4.329488197836766084e-01 8.297072013558287606e-01 8.024309206226754032e-01 8.120896963178648731e-01 2.724163879915456610e-01 7.953762424540814502e-01 3.843587571265842384e-01 0.000000000000000000e+00 8.682362102117305858e-01 4.505164488527629851e-01 3.542066258691751734e-01 6.597363113285613645e-01 4.641971600266122100e-01
8.812592014992383094e-01 4.365894801177631068e-01 4.361665256714555294e-01 3.940765241501625327e-01 1.515333234360927706e-01 5.808499097559744612e-02 5.958210683854580081e-01 1.690378843349367999e-01 5.110497322721131441e-01 8.682362102117305858e-01 0.000000000000000000e+00 7.694567371372248443e-01 7.114296640699706575e-01 8.538236255274435083e-01 5.265168186034577813e-01
3.730433049983153948e-01 3.791256380691558348e-01 4.735975080868985998e-01 5.316998603736117213e-01 7.864646461533154609e-01 7.299523635515824393e-01 4.040809207504863498e-01 7.892828880008089243e-01 5.311186501048376085e-01 4.505164488527629851e-01 7.694567371372248443e-01 0.000000000000000000e+00 6.801421963161508044e-01 2.128453583927250869e-01 2.476470736235184544e-01
4.381259313624528695e-01 7.142841367861185731e-01 3.406067631432663223e-01 8.398815278547056007e-01 5.961860544980649435e-01 6.541177074466689723e-01 2.867151501941384018e-01 5.832062055756306318e-01 2.317552969326412693e-01 3.542066258691751734e-01 7.114296640699706575e-01 6.801421963161508044e-01 0.000000000000000000e+00 8.871803589289608549e-01 5.510420237557425160e-01
5.770027988351063009e-01 4.195897405018513271e-01 6.458538820614805331e-01 5.293363128755150804e-01 9.042519501126576875e-01 8.257599322707603884e-01 6.049270539927208423e-01 9.105931793370233285e-01 7.200104363240681371e-01 6.597363113285613645e-01 8.538236255274435083e-01 2.128453583927250869e-01 8.871803589289608549e-01 0.000000000000000000e+00 3.898476490245209036e-01
4.305423982771123259e-01 2.063890344978274449e-01 2.597321474923211526e-01 3.682271591091940133e-01 5.390116009966429145e-01 4.843366898252213781e-01 2.699355585216381415e-01 5.421759325031096921e-01 3.475256685438392612e-01 4.641971600266122100e-01 5.265168186034577813e-01 2.476470736235184544e-01 5.510420237557425160e-01 3.898476490245209036e-01 0.000000000000000000e+00
