0.000000000000000000e+00 2.867658776801373377e-01 3.291014400342146540e-01 1.425870979556539409e-01 1.609331320391413078e-01 3.064429019899549966e-01 2.767080712028208711e-01 2.855643556399979355e-01 5.780316562659629787e-01 2.501069383220014819e-01 2.720790409625952755e-01 7.769197157065080850e-01 5.485972065236223161e-01 3.364543857937626337e-01 8.206400923174108630e-01 3.600568213537552187e-01 1.738009048536070800e-01 1.878342465343506851e-01 6.902782301353511674e-01 6.029115977060104381e-01
2.867658776801373377e-01 0.000000000000000000e+00 1.713114565382307941e-01 1.499489989995267947e-01 4.424931810427511492e-01 5.425402819415355848e-01 2.951912555126959825e-01 5.652083757036185929e-01 8.261424722677335186e-01 4.210168674813818401e-01 3.276303370018177064e-01 5.689458518254366659e-01 8.352867385474523898e-01 5.914120073256733390e-01 9.246923152071475638e-01 3.266679088041551382e-01 2.449111785485668380e-01 4.540345988750472683e-01 4.795653148365472407e-01 5.130063610645904104e-01
3.291014400342146540e-01 1.713114565382307941e-01 0.000000000000000000e+00 2.450468714977265816e-01 4.872067299231007120e-01 6.290670726989149308e-01 4.462966171448302100e-01 5.586232013944412156e-01 9.062533252566151720e-01 3.453400146008410720e-01 4.720812494342521703e-01 7.155365128670317931e-01 8.502139133240592672e-01 6.647778955426584258e-01 1.074164707261342500e+00 1.696147804363985767e-01 1.910307269533286778e-01 4.403332237519657633e-01 6.279455464326954006e-01 6.842667692043067351e-01
1.425870979556539409e-01 1.499489989995267947e-01 2.450468714977265816e-01 0.000000000000000000e+00 2.932667851876370468e-01 3.983559441258932021e-01 2.184840944477932090e-01 4.275577796604579373e-01 6.812682892883584751e-01 3.358172873289616001e-01 2.358092779928198657e-01 6.491874901919346685e-01 6.881308844738538433e-01 4.438518471475100813e-01 8.341487790017543258e-01 3.415798378181517658e-01 1.831292219900632623e-01 3.239427419255170859e-01 5.608212908529198737e-01 5.151204719566455648e-01
1.609331320391413078e-01 4.424931810427511492e-01 4.872067299231007120e-01 2.932667851876370468e-01 0.000000000000000000e+00 1.842857722816414467e-01 3.402974090979073996e-01 1.827530819629379910e-01 4.283072213902635039e-01 3.093232031697236706e-01 3.162013789594346758e-01 8.814453296361030032e-01 3.970439789206910430e-01 1.910467417424144831e-01 7.520652429649553605e-01 4.927482860137116227e-01 3.145654416326371106e-01 1.571349430401751679e-01 7.992944416481196912e-01 6.596563521599664304e-01
3.064429019899549966e-01 5.425402819415355848e-01 6.290670726989149308e-01 3.983559441258932021e-01 1.842857722816414467e-01 0.000000000000000000e+00 3.316682012286911729e-01 3.221722616240558779e-01 2.836028743873917346e-01 4.935777646404391761e-01 2.931084932751982230e-01 8.674550392136679555e-01 4.021641073197446126e-01 6.769415303155236485e-02 5.763009512148254965e-01 6.630796170384032351e-01 4.783790758420633504e-01 3.375129770314205802e-01 7.951130751276768160e-01 5.969801103220053751e-01
2.767080712028208711e-01 2.951912555126959825e-01 4.462966171448302100e-01 2.184840944477932090e-01 3.402974090979073996e-01 3.316682012286911729e-01 0.000000000000000000e+00 5.193717299269993148e-01 5.970706104602611086e-01 5.230297757074935383e-01 4.128283015495053804e-02 5.466778014155643239e-01 7.119377596850839929e-01 3.965948871899814265e-01 6.302669625592353109e-01 5.598146939646726494e-01 3.960917187373513837e-01 4.507664676250810465e-01 4.689164541917525408e-01 3.281618827991963916e-01
2.855643556399979355e-01 5.652083757036185929e-01 5.586232013944412156e-01 4.275577796604579373e-01 1.827530819629379910e-01 3.221722616240558779e-01 5.193717299269993148e-01 0.000000000000000000e+00 4.742084541694285282e-01 2.648595162970708849e-01 4.977084300460442035e-01 1.052730071133356704e+00 2.959327936444031137e-01 2.906807154863041420e-01 8.962361083020784491e-01 5.057262951162778686e-01 3.676852618451047494e-01 1.182919436810023345e-01 9.682114993065075170e-01 8.418371945755324104e-01
5.780316562659629787e-01 8.261424722677335186e-01 9.062533252566151720e-01 6.812682892883584751e-01 4.283072213902635039e-01 2.836028743873917346e-01 5.970706104602611086e-01 4.742084541694285282e-01 0.000000000000000000e+00 7.155728265885054062e-01 5.560920437632943525e-01 1.100801201655739137e+00 3.396334178471676069e-01 2.415877601338688452e-01 5.421170143317358692e-01 9.206089317038190778e-01 7.423485818008700443e-01 5.473259801582545103e-01 1.038015080651893518e+00 8.000875565470874085e-01
2.501069383220014819e-01 4.210168674813818401e-01 3.453400146008410720e-01 3.358172873289616001e-01 3.093232031697236706e-01 4.935777646404391761e-01 5.230297757074935383e-01 2.648595162970708849e-01 7.155728265885054062e-01 0.000000000000000000e+00 5.216517476101195649e-01 9.788783670248041302e-01 5.559105903896750522e-01 4.936552442150777820e-01 1.052243638719666530e+00 2.489486158252992021e-01 1.763818629886575728e-01 1.682727149650115051e-01 8.895744178081126385e-01 8.435489563732462281e-01
2.720790409625952755e-01 3.276303370018177064e-01 4.720812494342521703e-01 2.358092779928198657e-01 3.162013789594346758e-01 2.931084932751982230e-01 4.128283015495053804e-02 4.977084300460442035e-01 5.560920437632943525e-01 5.216517476101195649e-01 0.000000000000000000e+00 5.796617517805768838e-01 6.785747028196564834e-01 3.588454761610289090e-01 6.021184270830427510e-01 5.766332902694641938e-01 4.061948546292485362e-01 4.368566176909156051e-01 5.039599011020448049e-01 3.444497473037651525e-01
7.769197157065080850e-01 5.689458518254366659e-01 7.155365128670317931e-01 6.491874901919346685e-01 8.814453296361030032e-01 8.674550392136679555e-01 5.466778014155643239e-01 1.052730071133356704e+00 1.100801201655739137e+00 9.788783670248041302e-01 5.796617517805768838e-01 0.000000000000000000e+00 1.258146408538934224e+00 9.347574385230307259e-01 8.772918178314051962e-01 8.844367736518069512e-01 8.075255300275925308e-01 9.647311299525492823e-01 8.955496403981595688e-02 3.186866982822503247e-01
5.485972065236223161e-01 8.352867385474523898e-01 8.502139133240592672e-01 6.881308844738538433e-01 3.970439789206910430e-01 4.021641073197446126e-01 7.119377596850839929e-01 2.959327936444031137e-01 3.396334178471676069e-01 5.559105903896750522e-01 6.785747028196564834e-01 1.258146408538934224e+00 0.000000000000000000e+00 3.357475331942070262e-01 8.713937661692653380e-01 8.008628088698067637e-01 6.603786106819049539e-01 4.124186860076348160e-01 1.180703273339309023e+00 9.987862155943565412e-01
3.364543857937626337e-01 5.914120073256733390e-01 6.647778955426584258e-01 4.438518471475100813e-01 1.910467417424144831e-01 6.769415303155236485e-02 3.965948871899814265e-01 2.906807154863041420e-01 2.415877601338688452e-01 4.936552442150777820e-01 3.588454761610289090e-01 9.347574385230307259e-01 3.357475331942070262e-01 0.000000000000000000e+00 6.077735926121617949e-01 6.831493588871635492e-01 5.023255015956150649e-01 3.293099334684444490e-01 8.618503771179080175e-01 6.642148274728267854e-01
8.206400923174108630e-01 9.246923152071475638e-01 1.074164707261342500e+00 8.341487790017543258e-01 7.520652429649553605e-01 5.763009512148254965e-01 6.302669625592353109e-01 8.962361083020784491e-01 5.421170143317358692e-01 1.052243638719666530e+00 6.021184270830427510e-01 8.772918178314051962e-01 8.713937661692653380e-01 6.077735926121617949e-01 0.000000000000000000e+00 1.167796748014580999e+00 9.861243257367252601e-01 9.091070993962266922e-01 8.552638151346200202e-01 5.707933715446643630e-01
3.600568213537552187e-01 3.266679088041551382e-01 1.696147804363985767e-01 3.415798378181517658e-01 4.927482860137116227e-01 6.630796170384032351e-01 5.598146939646726494e-01 5.057262951162778686e-01 9.206089317038190778e-01 2.489486158252992021e-01 5.766332902694641938e-01 8.844367736518069512e-01 8.008628088698067637e-01 6.831493588871635492e-01 1.167796748014580999e+00 0.000000000000000000e+00 1.863224298976383919e-01 3.942370701434697033e-01 7.964336968077961876e-01 8.329107280281214942e-01
1.738009048536070800e-01 2.449111785485668380e-01 1.910307269533286778e-01 1.831292219900632623e-01 3.145654416326371106e-01 4.783790758420633504e-01 3.960917187373513837e-01 3.676852618451047494e-01 7.423485818008700443e-01 1.763818629886575728e-01 4.061948546292485362e-01 8.075255300275925308e-01 6.603786106819049539e-01 5.023255015956150649e-01 9.861243257367252601e-01 1.863224298976383919e-01 0.000000000000000000e+00 2.493989229857996315e-01 7.180004143412919149e-01 6.977252164006165769e-01
1.878342465343506851e-01 4.540345988750472683e-01 4.403332237519657633e-01 3.239427419255170859e-01 1.571349430401751679e-01 3.375129770314205802e-01 4.507664676250810465e-01 1.182919436810023345e-01 5.473259801582545103e-01 1.682727149650115051e-01 4.368566176909156051e-01 9.647311299525492823e-01 4.124186860076348160e-01 3.293099334684444490e-01 9.091070993962266922e-01 3.942370701434697033e-01 2.493989229857996315e-01 0.000000000000000000e+00 8.780988916708106773e-01 7.787862287077422785e-01
6.902782301353511674e-01 4.795653148365472407e-01 6.279455464326954006e-01 5.608212908529198737e-01 7.992944416481196912e-01 7.951130751276768160e-01 4.689164541917525408e-01 9.682114993065075170e-01 1.038015080651893518e+00 8.895744178081126385e-01 5.039599011020448049e-01 8.955496403981595688e-02 1.180703273339309023e+00 8.618503771179080175e-01 8.552638151346200202e-01 7.964336968077961876e-01 7.180004143412919149e-01 8.780988916708106773e-01 0.000000000000000000e+00 2.849311805901387773e-01
6.029115977060104381e-01 5.130063610645904104e-01 6.842667692043067351e-01 5.151204719566455648e-01 6.596563521599664304e-01 5.969801103220053751e-01 3.281618827991963916e-01 8.418371945755324104e-01 8.000875565470874085e-01 8.435489563732462281e-01 3.444497473037651525e-01 3.186866982822503247e-01 9.987862155943565412e-01 6.642148274728267854e-01 5.707933715446643630e-01 8.329107280281214942e-01 6.977252164006165769e-01 7.787862287077422785e-01 2.849311805901387773e-01 0.000000000000000000e+00
