0.000000000000000000e+00 2.243699195161091564e-01 4.396796043580313285e-01 4.530568283783962813e-01 8.039413773296116839e-01 7.781572771884642803e-01 4.067759812345079218e-01 5.372744563425265740e-01 8.387767397249045187e-01 5.747786394190856907e-01
2.243699195161091564e-01 0.000000000000000000e+00 5.577554709689087620e-01 3.802910909731075373e-01 9.702402661494793357e-01 8.636634203465108905e-01 5.923509419595097691e-01 6.468799900145554282e-01 8.878831496804262535e-01 7.809577871711756991e-01
4.396796043580313285e-01 5.577554709689087620e-01 0.000000000000000000e+00 3.990026666321719317e-01 4.330970277446703487e-01 3.423653220816494369e-01 2.054400264417582944e-01 9.779893219129053017e-02 4.284045923393581812e-01 3.902373614413482406e-01
4.530568283783962813e-01 3.802910909731075373e-01 3.990026666321719317e-01 0.000000000000000000e+00 8.202645453512129592e-01 5.824496351836974117e-01 5.584666601039622869e-01 4.431521046181033374e-01 5.591553487191729399e-01 7.668530971795197715e-01
8.039413773296116839e-01 9.702402661494793357e-01 4.330970277446703487e-01 8.202645453512129592e-01 0.000000000000000000e+00 3.804498622526304996e-01 4.003087522101260731e-01 3.776028165686469706e-01 5.285151387272456480e-01 3.288644386249994778e-01
7.781572771884642803e-01 8.636634203465108905e-01 3.423653220816494369e-01 5.824496351836974117e-01 3.804498622526304996e-01 0.000000000000000000e+00 4.886391863427937965e-01 2.457125177497307134e-01 1.493573899654805637e-01 5.783042405512111017e-01
4.067759812345079218e-01 5.923509419595097691e-01 2.054400264417582944e-01 5.584666601039622869e-01 4.003087522101260731e-01 4.886391863427937965e-01 0.000000000000000000e+00 2.644940226545323680e-01 6.047496259254827589e-01 2.099591881922769909e-01
5.372744563425265740e-01 6.468799900145554282e-01 9.779893219129053017e-02 4.431521046181033374e-01 3.776028165686469706e-01 2.457125177497307134e-01 2.644940226545323680e-01 0.000000000000000000e+00 3.429785099221357436e-01 4.131247732079112445e-01
8.387767397249045187e-01 8.878831496804262535e-01 4.284045923393581812e-01 5.591553487191729399e-01 5.285151387272456480e-01 1.493573899654805637e-01 6.047496259254827589e-01 3.429785099221357436e-01 0.000000000000000000e+00 7.176439422437052018e-01
5.747786394190856907e-01 7.809577871711756991e-01 3.902373614413482406e-01 7.668530971795197715e-01 3.288644386249994778e-01 5.783042405512111017e-01 2.099591881922769909e-01 4.131247732079112445e-01 7.176439422437052018e-01 0.000000000000000000e+00
