0.000000000000000000e+00 2.856195803773574626e-01 1.837377827883940051e-01 4.921051943346592128e-01 2.089557607126717453e-01 3.409430245004765880e-01 1.439640590772597040e-01 4.157214970165327705e-01 5.882586078911743455e-01 6.411084622296971958e-01 3.665759263849092675e-01 3.578351277016352805e-01 3.515070933180942103e-01 1.807322377693597604e-01 2.617258868682202921e-01 2.673783216653649597e-01 4.042274485085546876e-01 2.361782638864630135e-01 4.006427307067500498e-02 3.006975193429156645e-01
2.856195803773574626e-01 0.000000000000000000e+00 4.581820037975890547e-01 2.354490454603489491e-01 4.104863890092602663e-01 5.236311841592545813e-01 4.211604574055454742e-01 4.490349183545692680e-01 7.235020570480017454e-01 9.238642173808715441e-01 3.351503573397822677e-01 9.470557743266755368e-02 5.585613891421695731e-01 4.456142260800405874e-01 4.666692185129362458e-01 4.733650640571668289e-01 6.481848814331692132e-01 4.470680482189295923e-01 2.723437454674959013e-01 3.547021995945723871e-01
1.837377827883940051e-01 4.581820037975890547e-01 0.000000000000000000e+00 6.744328754503052803e-01 2.887102750712206012e-01 3.945474217214923196e-01 1.425492501118832689e-01 4.154954669021544977e-01 4.842196407609966058e-01 4.671433282872670123e-01 4.213035172775775328e-01 5.375949907366560643e-01 2.190385330483391457e-01 3.050018076619556359e-02 1.607835065464695012e-01 3.190298962469723110e-01 3.708700153331292437e-01 1.413184362521986426e-01 2.155318758394045853e-01 3.237842408843589759e-01
4.921051943346592128e-01 2.354490454603489491e-01 6.744328754503052803e-01 0.000000000000000000e+00 5.475279016521715780e-01 6.260276197230074668e-01 6.075286225623465208e-01 6.687442432716252938e-01 9.546465830497995464e-01 1.130767056881125221e+00 5.474044338612211735e-01 1.421098194808707860e-01 7.929846592540807926e-01 6.664254677879899447e-01 7.003688233356990533e-01 6.007657505478088966e-01 7.850431356260836324e-01 6.798512085940999761e-01 4.670534283391746255e-01 5.845287622936989891e-01
2.089557607126717453e-01 4.104863890092602663e-01 2.887102750712206012e-01 5.475279016521715780e-01 0.000000000000000000e+00 1.322647919271898453e-01 1.469387805056701912e-01 6.231805293967461745e-01 7.641448134257124991e-01 6.334968635000995940e-01 5.740972668268344847e-01 4.453305494266736053e-01 5.047825546401534247e-01 3.075373844452597427e-01 4.302387041200541606e-01 6.419893370087007001e-02 2.408980593673157589e-01 4.054510299310307708e-01 1.825184643857520883e-01 5.090537970894035702e-01
3.409430245004765880e-01 5.236311841592545813e-01 3.945474217214923196e-01 6.260276197230074668e-01 1.322647919271898453e-01 0.000000000000000000e+00 2.548730107305878234e-01 7.536707176803179031e-01 8.781313608172359730e-01 6.530633550709339374e-01 7.063558085348030646e-01 5.434961895351289041e-01 6.135650860720837096e-01 4.181345107255269311e-01 5.472034663245635144e-01 7.748035321685442511e-02 1.801042094984906528e-01 5.234976024015869367e-01 3.145871885795973322e-01 6.402760497128139328e-01
1.439640590772597040e-01 4.211604574055454742e-01 1.425492501118832689e-01 6.075286225623465208e-01 1.469387805056701912e-01 2.548730107305878234e-01 0.000000000000000000e+00 5.152452116397017168e-01 6.236668615193916576e-01 5.276842922311978379e-01 4.901334784726562588e-01 4.827760510508309899e-01 3.606938955287874449e-01 1.638427717851799748e-01 2.924149716146458022e-01 1.780960681247495125e-01 2.693829575354486638e-01 2.689726134037913052e-01 1.488240901621919465e-01 4.079713017428603372e-01
4.157214970165327705e-01 4.490349183545692680e-01 4.154954669021544977e-01 6.687442432716252938e-01 6.231805293967461745e-01 7.536707176803179031e-01 5.152452116397017168e-01 0.000000000000000000e+00 3.046203572247636604e-01 7.826133254072686896e-01 1.243362241706157251e-01 5.397319233179375120e-01 2.994833343463070285e-01 3.850215542208166863e-01 2.721242972607740840e-01 6.776332147516112014e-01 7.787119727679192582e-01 2.813455899344450284e-01 4.487410177308767678e-01 1.162759685393863901e-01
5.882586078911743455e-01 7.235020570480017454e-01 4.842196407609966058e-01 9.546465830497995464e-01 7.641448134257124991e-01 8.781313608172359730e-01 6.236668615193916576e-01 3.046203572247636604e-01 0.000000000000000000e+00 6.500269334782522446e-01 4.267175796189096593e-01 8.178791226753503452e-01 2.669295434204874695e-01 4.600087885457856962e-01 3.341253392294751823e-01 8.017397166136619457e-01 8.387940067108432540e-01 3.593006345572256066e-01 6.280725993668608842e-01 3.701263116714260115e-01
6.411084622296971958e-01 9.238642173808715441e-01 4.671433282872670123e-01 1.130767056881125221e+00 6.334968635000995940e-01 6.530633550709339374e-01 5.276842922311978379e-01 7.826133254072686896e-01 6.500269334782522446e-01 0.000000000000000000e+00 8.398870539110081523e-01 9.988899364575548612e-01 4.832351309260384253e-01 4.842255654978712687e-01 5.282396028615627959e-01 6.139145328489061804e-01 4.941410301526550364e-01 5.320026648947010495e-01 6.637518500553366563e-01 7.352926586706995948e-01
3.665759263849092675e-01 3.351503573397822677e-01 4.213035172775775328e-01 5.474044338612211735e-01 5.740972668268344847e-01 7.063558085348030646e-01 4.901334784726562588e-01 1.243362241706157251e-01 4.267175796189096593e-01 8.398870539110081523e-01 0.000000000000000000e+00 4.224518919423709273e-01 3.690665643314804401e-01 3.926583281008080850e-01 3.117923546798452294e-01 6.338638152835761597e-01 7.594943369630977603e-01 3.106837709109259715e-01 3.920717572404464613e-01 1.046393067608630961e-01
3.578351277016352805e-01 9.470557743266755368e-02 5.375949907366560643e-01 1.421098194808707860e-01 4.453305494266736053e-01 5.434961895351289041e-01 4.827760510508309899e-01 5.397319233179375120e-01 8.178791226753503452e-01 9.988899364575548612e-01 4.224518919423709273e-01 0.000000000000000000e+00 6.508823778715788766e-01 5.278786303865036222e-01 5.582714110614985792e-01 5.045200420154968279e-01 6.862285434544154183e-01 5.378468452293274638e-01 3.369558534622824619e-01 4.485630981017488250e-01
3.515070933180942103e-01 5.585613891421695731e-01 2.190385330483391457e-01 7.929846592540807926e-01 5.047825546401534247e-01 6.135650860720837096e-01 3.606938955287874449e-01 2.994833343463070285e-01 2.669295434204874695e-01 4.832351309260384253e-01 3.690665643314804401e-01 6.508823778715788766e-01 0.000000000000000000e+00 1.973178342972685129e-01 9.394483622584445803e-02 5.380034436651084384e-01 5.735890915997463591e-01 1.175743198225199099e-01 3.911321975484902680e-01 2.680256545762612075e-01
1.807322377693597604e-01 4.456142260800405874e-01 3.050018076619556359e-02 6.664254677879899447e-01 3.075373844452597427e-01 4.181345107255269311e-01 1.638427717851799748e-01 3.850215542208166863e-01 4.600087885457856962e-01 4.842255654978712687e-01 3.926583281008080850e-01 5.278786303865036222e-01 1.973178342972685129e-01 0.000000000000000000e+00 1.323320472918360635e-01 3.417898975239524462e-01 4.005631950809755426e-01 1.117620268516024001e-01 2.158864367107132809e-01 2.942092120052211546e-01
2.617258868682202921e-01 4.666692185129362458e-01 1.607835065464695012e-01 7.003688233356990533e-01 4.302387041200541606e-01 5.472034663245635144e-01 2.924149716146458022e-01 2.721242972607740840e-01 3.341253392294751823e-01 5.282396028615627959e-01 3.117923546798452294e-01 5.582714110614985792e-01 9.394483622584445803e-02 1.323320472918360635e-01 0.000000000000000000e+00 4.701194163422516281e-01 5.311686326285920412e-01 2.571629688774887054e-02 3.017163866705267483e-01 2.071538729214588148e-01
2.673783216653649597e-01 4.733650640571668289e-01 3.190298962469723110e-01 6.007657505478088966e-01 6.419893370087007001e-02 7.748035321685442511e-02 1.780960681247495125e-01 6.776332147516112014e-01 8.017397166136619457e-01 6.139145328489061804e-01 6.338638152835761597e-01 5.045200420154968279e-01 5.380034436651084384e-01 3.417898975239524462e-01 4.701194163422516281e-01 0.000000000000000000e+00 1.842792164465255345e-01 4.462737681873030215e-01 2.440952184864445540e-01 5.649198369362924410e-01
4.042274485085546876e-01 6.481848814331692132e-01 3.708700153331292437e-01 7.850431356260836324e-01 2.408980593673157589e-01 1.801042094984906528e-01 2.693829575354486638e-01 7.787119727679192582e-01 8.387940067108432540e-01 4.941410301526550364e-01 7.594943369630977603e-01 6.862285434544154183e-01 5.735890915997463591e-01 4.005631950809755426e-01 5.311686326285920412e-01 1.842792164465255345e-01 0.000000000000000000e+00 5.121708447413988452e-01 3.940578534553180190e-01 6.752532480657542635e-01
2.361782638864630135e-01 4.470680482189295923e-01 1.413184362521986426e-01 6.798512085940999761e-01 4.054510299310307708e-01 5.234976024015869367e-01 2.689726134037913052e-01 2.813455899344450284e-01 3.593006345572256066e-01 5.320026648947010495e-01 3.106837709109259715e-01 5.378468452293274638e-01 1.175743198225199099e-01 1.117620268516024001e-01 2.571629688774887054e-02 4.462737681873030215e-01 5.121708447413988452e-01 0.000000000000000000e+00 2.761410234489374282e-01 2.065401556210765266e-01
4.006427307067500498e-02 2.723437454674959013e-01 2.155318758394045853e-01 4.670534283391746255e-01 1.825184643857520883e-01 3.145871885795973322e-01 1.488240901621919465e-01 4.487410177308767678e-01 6.280725993668608842e-01 6.637518500553366563e-01 3.920717572404464613e-01 3.369558534622824619e-01 3.911321975484902680e-01 2.158864367107132809e-01 3.017163866705267483e-01 2.440952184864445540e-01 3.940578534553180190e-01 2.761410234489374282e-01 0.000000000000000000e+00 3.328738593815435687e-01
3.006975193429156645e-01 3.547021995945723871e-01 3.237842408843589759e-01 5.845287622936989891e-01 5.090537970894035702e-01 6.402760497128139328e-01 4.079713017428603372e-01 1.162759685393863901e-01 3.701263116714260115e-01 7.352926586706995948e-01 1.046393067608630961e-01 4.485630981017488250e-01 2.680256545762612075e-01 2.942092120052211546e-01 2.071538729214588148e-01 5.649198369362924410e-01 6.752532480657542635e-01 2.065401556210765266e-01 3.328738593815435687e-01 0.000000000000000000e+00
